1 1.8955282495243747e-08 2.4224948946642697e-09 4.9765241827099296e-11 1.5420295673118882e-08,0.0009300000000000002,3.246469900336865e-09
1 1.8955282495243747e-08 2.4224948946642697e-09 4.9765241827099296e-11 1.5420295673118882e-08,0.0009300000000000002,3.246469900336865e-09
1 0.00434402 0.000555168 1.14048e-05 0.0035339000000000004,213.12996000000004,0.0007440000000000001
1 0.00434402 0.000555168 1.14048e-05 0.0035339000000000004,213.12996000000004,0.0007440000000000001
2 0.00473822 0.000816192 2.40072e-05 0.00351128,230.46144,0.0007440000000000001
3 0.00437434 0.00166368 5.4880800000000005e-05 0.0034624799999999996,214.08228,0.0007440000000000001
4 0.0044506 0.0019541759999999997 6.8328e-05 0.00344068,221.60412000000002,0.0007440000000000001
5 0.00442826 0.00282116 0.00010002 0.0033867800000000003,216.71046,0.0007440000000000001
6 0.0043681 0.00308784 0.00011246940000000001 0.00336948,219.50976,0.0007440000000000001
7 0.00439328 0.00393072 0.0001439088 0.0033161,219.08754000000002,0.0007440000000000001
8 0.00428624 0.00433316 0.0001608936 0.00329018,223.50876000000002,0.0007440000000000001
1 0.00434402 0.000555168 1.14048e-05 0.0035339000000000004,213.12996000000004,0.0007440000000000001
2 0.00473822 0.000816192 2.40072e-05 0.00351128,230.46144,0.0007440000000000001
1 0.00434402 0.000555168 1.14048e-05 0.0035339000000000004,213.12996000000004,0.0007440000000000001
